0 0.3494885654885655 0.09622536774909797 0.0653014553014553 0.04146266999722453
0 0.016881496881496882 0.21555092978073828 0.032095634095634096 0.046980294199278384
0 0.5943742203742204 0.12286427976686096 0.08105613305613306 0.05033583125173467
0 0.7910311850311851 0.12702747710241466 0.0668898128898129 0.04200943658062726
0 0.9145155925155924 0.22915070774354704 0.07268607068607069 0.046419650291423815
0 0.5685987525987526 0.2635609214543436 0.0794012474012474 0.04863169580904802
0 0.44303534303534303 0.32100471829031363 0.07775883575883576 0.0580488481820705
0 0.2958586278586278 0.352639467110741 0.06614137214137214 0.043610879822370247
0 0.7536133056133056 0.30685262281432135 0.07520997920997921 0.046400222037191234
0 0.6401081081081081 0.34903413821815155 0.08936382536382535 0.04194560088814876
0 0.49542203742203744 0.38483208437413263 0.06610810810810812 0.04138218151540383
0 0.379010395010395 0.43173189009159035 0.06612889812889812 0.04081321121287816
0 0.2368191268191268 0.48362475714682207 0.06449064449064448 0.03913405495420483
0 0.45717255717255717 0.5274687760199833 0.056137214137214134 0.05799056341937275
0 0.6035218295218295 0.4816819317235637 0.08271933471933472 0.05189841798501249
0 0.7128690228690229 0.4153594227033028 0.08353014553014552 0.04248126561199001
0 0.825954261954262 0.37484041076880376 0.0702079002079002 0.043605328892589515
0 0.939043659043659 0.5696502914238134 0.06353430353430353 0.04466000555092978
0 0.6787733887733888 0.7145101304468499 0.09185446985446985 0.056827643630308074
0 0.5062328482328482 0.7561365528726062 0.07109355509355508 0.06680266444629475
0 0.3727733887733888 0.8310630030530114 0.0786029106029106 0.05901193449902859