0 0.48708458083832334 0.6420925 0.08645209580838323 0.173185
0 0.1353181137724551 0.5963525 0.08950224550898203 0.116705
0 0.20679640718562872 0.4126325 0.06029940119760479 0.064265
0 0.6371482035928144 0.4658725 0.09764595808383235 0.0857475
0 0.061972305389221556 0.23566 0.06257110778443113 0.0503175
0 0.3508682634730539 0.28540249999999995 0.08946482035928144 0.054802500000000004
0 0.7699962574850299 0.3393925 0.09388098802395209 0.0627875
0 0.6408907185628743 0.2014125 0.08267589820359281 0.06682500000000001
0 0.27078592814371255 0.14667 0.09845808383233533 0.07234
0 0.18883233532934132 0.046435000000000004 0.07676646706586826 0.0768675
0 0.9372717065868263 0.2484075 0.07663922155688623 0.0608125
0 0.7292065868263473 0.0956775 0.07966691616766468 0.070355
0 0.6225523952095808 0.02169 0.08342814371257484 0.04238
0 0.9623428143712576 0.1679175 0.07438997005988024 0.069835
0 0.8321145209580838 0.050685 0.08339446107784432 0.06037
0 0.4339446107784431 0.08043 0.095437874251497 0.06486