0 0.10078166666666667 0.381135 0.06423 0.09126999999999999
0 0.10111500000000001 0.4798725 0.04489833333333333 0.073745
0 0.144945 0.5716100000000001 0.055889999999999995 0.06222
0 0.16411 0.1396725 0.044219999999999995 0.058345
0 0.2576016666666667 0.2159025 0.06786833333333334 0.185805
0 0.37425833333333336 0.3453925 0.047850000000000004 0.0747825
0 0.42408833333333334 0.44338 0.044175 0.0507575
0 0.5420766666666667 0.521615 0.05348833333333333 0.10223
0 0.7750566666666667 0.27464999999999995 0.046114999999999996 0.0883
0 0.6757333333333333 0.2159075 0.047465 0.10581499999999999
0 0.6067383333333333 0.1766625 0.04947666666666667 0.11232500000000001
0 0.5300783333333333 0.1241675 0.06148833333333333 0.1373375
0 0.461085 0.101925 0.044836666666666664 0.08184999999999999
0 0.40409 0.07293000000000001 0.04418 0.07986
0 0.9185450000000001 0.38663749999999997 0.036425 0.0322775