0 0.9603365384615384 0.6904326923076923 0.07932451923076923 0.07894070512820513
0 0.4489182692307692 0.07497596153846155 0.08918269230769231 0.06918108974358975
0 0.40613461538461537 0.2023621794871795 0.07092307692307692 0.04511057692307693
0 0.5498725961538461 0.2057275641025641 0.04109375 0.03581570512820513
0 0.5020408653846153 0.21117628205128205 0.03677403846153846 0.027482371794871795
0 0.3837836538461538 0.30331089743589745 0.031026442307692307 0.035467948717948714
0 0.5775144230769231 0.31725160256410256 0.043492788461538465 0.015274038461538462
0 0.5253557692307692 0.31020192307692307 0.04013701923076923 0.0268125
0 0.48401442307692305 0.3143669871794872 0.034375 0.02873397435897436
0 0.4203173076923077 0.30315064102564104 0.027175480769230768 0.02553365384615385
0 0.34219951923076924 0.38534935897435896 0.029591346153846152 0.04569871794871795
0 0.6231850961538461 0.4005721153846154 0.048290865384615383 0.040887820512820514
0 0.5604495192307691 0.40121314102564104 0.06224278846153846 0.04216987179487179
0 0.47079326923076925 0.39736858974358974 0.041588942307692306 0.034479166666666665
0 0.42825 0.398650641025641 0.03823076923076923 0.024224358974358973
0 0.37921634615384614 0.40169391025641027 0.036314903846153844 0.0463349358974359
0 0.3184014423076923 0.48389423076923077 0.054112980769230774 0.04086378205128205
0 0.6424134615384616 0.48517467948717946 0.04828846153846154 0.04342788461538462
0 0.5731875 0.48982211538461534 0.06368269230769232 0.04951442307692308
0 0.47896634615384615 0.502 0.048317307692307694 0.03541025641025641
0 0.39003125 0.487738782051282 0.07236778846153846 0.04855448717948718
0 0.2946057692307692 0.5725016025641025 0.09786298076923078 0.05333653846153846
0 0.38594471153846155 0.5526346153846154 0.030545673076923074 0.03411378205128205
0 0.3787355769230769 0.5986217948717949 0.025740384615384616 0.02673076923076923
0 0.4957908653846153 0.6050288461538462 0.053120192307692306 0.05236698717948718
0 0.7010625 0.5774695512820512 0.050201923076923075 0.0357099358974359
0 0.6580384615384616 0.587724358974359 0.03626682692307692 0.05621634615384616
0 0.586889423076923 0.5874038461538462 0.06704567307692308 0.04916666666666667
0 0.7267812499999999 0.6524583333333334 0.04875480769230769 0.044661858974358974
0 0.6885649038461538 0.6572676282051283 0.025204326923076923 0.0222275641025641
0 0.6267908653846154 0.6524599358974359 0.04107932692307692 0.03184294871794872
0 0.5337692307692308 0.648775641025641 0.04253846153846154 0.02126923076923077
0 0.44555528846153847 0.6476538461538461 0.05361057692307693 0.02863942307692308
0 0.2563894230769231 0.6556618589743589 0.05508413461538462 0.06388942307692308
0 0.35878365384615385 0.654863782051282 0.038723557692307696 0.02703525641025641
0 0.5282403846153846 0.7026121794871795 0.045903846153846156 0.039198717948717945
0 0.4373822115384615 0.6998894230769231 0.04688221153846154 0.024137820512820513
0 0.3143173076923077 0.6944407051282052 0.03151923076923077 0.032471153846153844
0 0.6282331730769231 0.7064599358974359 0.03434855769230769 0.021251602564102565
0 0.6892860576923077 0.6889935897435897 0.031454326923076925 0.027987179487179485